0
148
0
6
0
47
0
65
0
77
0
114
0
284
0
63
0
207
0
116
0
230
0
252
0
162
0
112
0
97
0
43
0
208
0
39
0
87
0
10
0
118
0
255
0
3
0
161
1
77
1
278
1
147
1
184
1
101
1
274
1
226
1
227
1
172
1
133
1
285
1
60
1
82
1
18
1
273
1
284
1
22
1
129
1
71
1
179
2
273
2
232
2
60
2
201
2
198
2
277
2
264
2
220
2
26
2
199
2
209
2
275
2
50
2
142
2
126
2
100
2
146
2
223
2
215
2
205
2
71
2
92
2
97
2
25
2
261
2
42
3
225
3
179
3
118
3
199
3
296
3
251
3
167
3
265
3
220
3
92
3
196
3
55
3
32
3
286
3
281
3
88
3
148
3
180
3
262
3
184
3
25
3
177
4
53
4
234
4
153
4
217
4
77
4
83
4
70
4
207
4
246
4
156
5
269
5
249
5
91
5
131
5
191
5
172
5
44
5
172
5
118
5
156
5
34
5
213
5
145
5
45
5
173
5
56
5
110
5
61
5
239
5
245
5
131
5
196
5
206
5
211
5
289
5
173
6
1
6
146
6
147
6
286
6
222
6
134
6
226
6
124
6
272
6
272
6
192
6
182
6
200
6
23
6
268
6
142
7
202
7
251
7
15
7
40
7
147
7
199
7
153
7
297
7
26
7
265
7
215
7
122
7
182
7
279
7
290
7
98
7
61
7
113
8
276
8
31
8
286
8
130
8
249
8
140
8
104
9
297
9
41
9
41
9
18
9
163
9
204
9
219
9
175
9
176
9
185
9
233
9
169
9
109
9
21
9
238
9
52
9
56
10
47
10
270
10
156
10
38
10
103
10
95
10
86
10
220
10
153
10
55
10
38
10
4
10
247
10
236
